76      29      68      92      25      55      34      49      41      12      
45      60      18      53      39      23      79      96      87      29      
49      37      66      49      93      95      97      16      86      5      
88      82      55      34      14      1      16      71      86      63      
13      55      85      53      12      8      32      45      13      56      
21      58      46      82      81      44      96      22      29      61      
35      50      73      66      44      59      92      39      53      24      
54      10      45      49      86      13      74      22      68      18      
87      5      58      91      2      25      77      14      14      24      
34      74      72      59      33      70      87      97      18      77      
