                B0  B1   B2  B3   B4  B5   B6  B7   B8    B9

Dhaka           106 162  83  87   58  111  78   70   184  126  
Khulna          87  117  191  117  96 176  96  23   96   159  
Rajshahi        69  140  23   81  74  85  135  133  127   100  
Chittagong      86  141  106  135  82 70  101  107  105   96  
Sylhet          93  151  30   95  43  114  138  111  193  105  
Barisal         144  133 180  86  45  107  59  75   104   152  
Rangpur         36  100  59   138 113 70   154  95  149   78  
Jessore         72  165  138  138 124  50  177  68  146   181  
Mymensingh      136  84  74   91  91  73   92  111  110   83  
Bogra           169  154 154  56  62  49   71  127  107   130  
