5787  2607057
7115  3236504
7583  3407307
8237  3719064
8040  3601989
10454  4721319
10187  4594361
15819  7124869
14806  6654137
11886  5325172
5752  3787036
7046  4644727
7590  5042518
8110  5379337
7920  5224435
10621  6982962
9811  6515756
15836  10412713
15040  9948182
11962  7906537
5719  3118323
7090  3893563
7737  4244246
8249  4522391
8052  4424148
10628  5807509
9916  5404115
15603  8556350
14951  8232379
11968  6536851
5651  3506838
7001  4280698
7708  4757788
8162  4993231
7958  4905323
10474  6506795
9956  6121829
15784  9771671
15071  9241779
11915  7337093
5797  3177093
7084  3907683
7655  4210170
8302  4572973
7965  4358997
10594  5816103
9940  5447596
15629  8579436
15138  8261533
11850  6513851
5769  3621936
7154  4475146
7693  4807304
8226  5145274
8191  5140391
10611  6632488
9958  6257964
15707  9862341
15061  9430313
11799  7395612
5788  2126954
7190  2621393
7581  2743984
8201  3027925
7948  2900825
10557  3861169
9977  3686885
15595  5778914
15147  5573786
11915  4364185
5726  2662869
7094  3285189
7860  3624808
8142  3722838
7932  3698807
10592  4876455
9999  4633333
15638  7243466
14995  6949779
11942  5545390
5754  3740287
7057  4564954
7713  4972124
8285  5393420
8065  5239398
10654  6889982
10069  6522559
15369  9947977
15040  9742131
12079  7787687
5681  2864678
6978  3564164
7790  3943714
8143  4125545
8045  4070230
10496  5323081
9991  5057278
15534  7857586
15093  7682996
12028  6155896
10215  4572082
9958  4487255
9852  4453745
9931  4461215
10040  4559878
9949  4475428
10004  4504972
9973  4514314
10100  4528407
9892  4434483
9931  6547880
10003  6569658
9966  6569108
10115  6705082
10010  6610893
9905  6570212
10013  6600415
9945  6581675
9882  6562986
9918  6526294
9927  5399899
10037  5524945
10011  5497825
9994  5484576
10049  5515584
10049  5520546
9976  5473966
9952  5458154
9957  5410308
9961  5454072
9936  6135506
9910  6135867
9880  6095033
9987  6116974
10001  6157589
9907  6140837
10105  6218199
9934  6111330
10111  6221202
9909  6090508
10105  5542018
9961  5455827
10011  5493624
9935  5456518
9944  5441120
10062  5513149
10077  5527475
10020  5512516
9924  5438662
9915  5464526
10139  6330976
10045  6307478
10019  6280698
9977  6219874
10017  6294775
9957  6260330
9861  6162849
10085  6313339
9984  6290485
10085  6307965
9994  3676342
10054  3689642
10041  3661942
9968  3637413
10039  3716186
9849  3606470
9983  3701241
10155  3729343
9900  3642622
9916  3624819
9953  4607162
10073  4664579
9883  4564830
10005  4616881
10053  4654728
10048  4603209
9964  4638096
10025  4683844
9919  4589550
9997  4620055
9983  6471576
10028  6505894
10035  6490965
9903  6376939
9971  6457308
10066  6500424
9983  6460398
10055  6539446
10051  6511362
10010  6486207
9777  4950436
10115  5126664
9971  5041396
9958  5096807
10051  5120764
10014  5073446
9987  5082025
10105  5129626
9904  5028771
9897  4995233
5594  3040189
5895  3184216
5482  3005676
5375  2915974
4788  2596718
6018  3273825
5136  2778853
6346  3409939
6532  3590379
6258  3417302
7670  4146142
6190  3367925
6008  3248005
6138  3330803
8227  4487013
6616  3604588
6639  3597635
7094  3885517
7544  4104658
8683  4701735
7542  4102176
7942  4296254
7756  4232566
6989  3803062
7396  4000679
7904  4271825
9754  5284066
6933  3792535
7439  4051094
7255  3919706
7818  4273263
6973  3799036
8594  4657620
7381  3979479
9587  5231120
9830  5347600
9028  4916170
8317  4520088
6805  3689724
7724  4187898
8041  4371838
7347  4015395
9347  5066593
9498  5154340
7831  4278432
7735  4222432
6408  3510168
8116  4410698
7578  4087157
8215  4447490
9566  5163549
10559  5784066
10550  5722423
11431  6225340
9208  4985529
9570  5190328
11504  6252150
11071  6009478
10293  5615431
11929  6469569
9557  5183725
10874  5911481
8945  4825885
8771  4765465
10620  5765234
11488  6209479
10112  5510673
9781  5342174
9785  5356334
9871  5371226
16331  8826379
13506  7352183
15277  8297254
17182  9314494
15239  8336093
14530  7930637
15499  8457602
15989  8728950
17414  9446700
15547  8445031
15910  8655915
16977  9205760
16511  8955735
14481  7900575
15763  8587424
15626  8492857
14066  7623901
13186  7178811
13955  7584098
13867  7531939
11931  6470701
13921  7551493
11199  6137409
12527  6782747
11516  6260583
10489  5720480
11807  6438418
13416  7295397
12387  6698780
10151  5512266
0  0
0  0
0  0
0  0
0  0
0  0
0  0
0  0
0  0
37627  135482
0  0
0  0
0  0
0  0
0  0
0  0
0  0
0  0
0  0
22395  72969
0  0
0  0
0  0
0  0
0  0
0  0
0  0
0  0
0  0
43103  154293
0  0
0  0
0  0
0  0
0  0
0  0
0  0
0  0
0  0
59622  222680
0  0
0  0
0  0
0  0
0  0
0  0
0  0
0  0
0  0
72468  253607
0  0
0  0
0  0
0  0
0  0
0  0
0  0
0  0
0  0
102566  362047
0  0
0  0
0  0
0  0
0  0
0  0
0  0
0  0
0  0
84737  305807
0  0
0  0
0  0
0  0
0  0
0  0
0  0
0  0
0  0
78543  278431
0  0
0  0
0  0
0  0
0  0
0  0
0  0
0  0
0  0
98282  344951
0  0
0  0
0  0
0  0
0  0
0  0
0  0
0  0
0  0
96270  337868
3843  13205
3606  13891
3904  12954
4244  13450
2984  10678
4508  19265
3359  12039
3529  12673
3719  12983
3931  14344
1765  6491
2786  8335
2056  6553
2008  7098
2444  7822
2223  7284
1716  7885
2421  6893
2283  7028
2693  7580
4296  15572
4619  16686
4670  16172
4167  16748
4920  18072
4192  17540
3143  11457
4246  14409
4952  15233
3898  12404
5173  22779
6560  22448
5312  18959
5599  22075
6395  23541
4735  17266
7039  24751
6513  26838
6634  23656
5662  20367
8249  26256
6935  23681
7180  26138
7297  25029
6200  21323
8044  28562
6815  24177
7293  27081
6947  25611
7508  25749
10146  38530
10691  36918
12451  44379
8944  34165
10993  35201
10248  38437
9828  33611
9894  31945
9522  32738
9849  36123
6743  26185
7557  28670
6929  23577
10525  37430
9219  33033
9630  33478
9913  35735
8130  29891
7886  28839
8205  28969
8063  30128
8525  32125
6779  25699
8442  27008
6957  25469
6642  24959
8249  30200
6951  25083
9546  31145
8389  26615
10025  36697
10155  35567
9763  32395
9792  36665
8771  33201
8790  28757
9667  34497
10446  36078
11068  37266
9805  33828
9251  32505
8141  30251
10433  36314
8743  29685
9804  34215
9849  37316
9849  36611
9739  35368
9224  29132
11237  36471
0  0
0  0
0  0
0  0
0  0
0  0
0  0
0  0
0  0
0  0
0  0
0  0
0  0
0  0
0  0
0  0
0  0
0  0
0  0
0  0
0  0
0  0
0  0
0  0
0  0
0  0
0  0
0  0
0  0
0  0
0  0
0  0
0  0
0  0
0  0
0  0
0  0
0  0
0  0
0  0
0  0
0  0
0  0
0  0
0  0
0  0
0  0
0  0
0  0
0  0
0  0
0  0
0  0
0  0
0  0
0  0
0  0
0  0
0  0
0  0
0  0
0  0
0  0
0  0
0  0
0  0
0  0
0  0
0  0
0  0
0  0
0  0
0  0
0  0
0  0
0  0
0  0
0  0
0  0
0  0
0  0
0  0
0  0
0  0
0  0
0  0
0  0
0  0
0  0
0  0
67554  248348
69575  248572
69477  243140
69761  249353
68687  242555
68861  252864
69578  250963
69162  246259
71781  243631
71177  242450
0  0
0  0
0  0
0  0
0  0
0  0
0  0
0  0
0  0
0  0
0  0
0  0
0  0
0  0
0  0
0  0
0  0
0  0
0  0
0  0
0  0
0  0
0  0
0  0
0  0
0  0
0  0
0  0
0  0
0  0
0  0
0  0
0  0
0  0
0  0
0  0
0  0
0  0
0  0
0  0
0  0
0  0
0  0
0  0
0  0
0  0
0  0
0  0
0  0
0  0
0  0
0  0
0  0
0  0
0  0
0  0
0  0
0  0
0  0
0  0
0  0
0  0
0  0
0  0
0  0
0  0
0  0
0  0
0  0
0  0
0  0
0  0
0  0
0  0
0  0
0  0
0  0
0  0
0  0
0  0
0  0
0  0
0  0
0  0
0  0
0  0
0  0
0  0
0  0
0  0
0  0
0  0
0  0
0  0
0  0
0  0
0  0
0  0
0  0
0  0
0  0
0  0
0  0
0  0
0  0
0  0
0  0
0  0
0  0
0  0
0  0
0  0
0  0
0  0
0  0
0  0
0  0
0  0
0  0
0  0
0  0
0  0
0  0
0  0
0  0
0  0
0  0
0  0
0  0
0  0
0  0
0  0
0  0
0  0
0  0
0  0
0  0
0  0
0  0
0  0
0  0
0  0
0  0
0  0
0  0
0  0
0  0
0  0
0  0
0  0
0  0
0  0
0  0
0  0
0  0
0  0
0  0
0  0
0  0
0  0
0  0
0  0
0  0
0  0
0  0
0  0
0  0
0  0
0  0
0  0
0  0
0  0
0  0
0  0
0  0
0  0
0  0
0  0
0  0
0  0
0  0
0  0
0  0
0  0
0  0
0  0
0  0
0  0
0  0
0  0
0  0
0  0
0  0
0  0
0  0
0  0
0  0
0  0
0  0
0  0
0  0
0  0
0  0
0  0
0  0
0  0
0  0
0  0
0  0
0  0
0  0
0  0
0  0
0  0
0  0
0  0
0  0
0  0
0  0
0  0
0  0
0  0
0  0
0  0
0  0
0  0
0  0
0  0
0  0
0  0
0  0
0  0
0  0
0  0
0  0
0  0
0  0
0  0
0  0
0  0
0  0
0  0
0  0
0  0
0  0
0  0
0  0
0  0
0  0
0  0
0  0
0  0
0  0
0  0
0  0
0  0
0  0
0  0
0  0
0  0
0  0
0  0
0  0
0  0
0  0
0  0
0  0
0  0
0  0
0  0
0  0
0  0
0  0
0  0
0  0
0  0
0  0
0  0
0  0
0  0
0  0
0  0
0  0
0  0
0  0
0  0
0  0
0  0
0  0
0  0
0  0
0  0
0  0
0  0
0  0
0  0
0  0
0  0
0  0
0  0
0  0
0  0
0  0
0  0
0  0
0  0
0  0
0  0
0  0
0  0
0  0
0  0
0  0
0  0
0  0
0  0
0  0
0  0
0  0
0  0
0  0
0  0
0  0
0  0
0  0
0  0
0  0
0  0
0  0
0  0
0  0
0  0
0  0
0  0
0  0
0  0
0  0
0  0
0  0
0  0
0  0
0  0
0  0
0  0
0  0
0  0
0  0
0  0
0  0
0  0
0  0
0  0
0  0
0  0
0  0
0  0
0  0
0  0
0  0
0  0
0  0
0  0
0  0
0  0
0  0
0  0
0  0
0  0
0  0
0  0
0  0
0  0
0  0
0  0
0  0
0  0
0  0
0  0
0  0
0  0
0  0
0  0
0  0
0  0
0  0
0  0
0  0
0  0
0  0
0  0
0  0
0  0
0  0
0  0
0  0
0  0
0  0
0  0
0  0
0  0
